bp 1	1	3400001	3500000	3466839
bp 2	1	26400001	26500000	26445468
bp 3	1	1500001	1600000	1574033
bp 4	1	500001	600000	574795
bp 5	1	23900001	24000000	23984159
bp 6	1	400001	500000	448589
bp 7	1	1400001	1500000	1405813
bp 8	1	26400001	26500000	26402460
bp 9	1	19600001	19700000	19617348
bp 10	1	19900001	20000000	19984402
bp 11	1	17500001	17600000	17584267
bp 12	1	26500001	26600000	26529032
bp 13	1	22800001	22900000	22840383
bp 14	1	24800001	24900000	24871198
bp 15	1	26900001	27000000	26972358
bp 16	1	10100001	10200000	10138105
bp 17	1	2000001	2100000	2063160
bp 18	1	22900001	23000000	22926474
bp 19	1	4000001	4100000	4076170
bp 20	1	24400001	24500000	24495609
bp 21	1	14000001	14100000	14056222
bp 22	1	26400001	26500000	26493814
bp 23	1	8400001	8500000	8417118
bp 24	1	7600001	7700000	7614667
bp 25	1	22800001	22900000	22863623
bp 26	1	13200001	13300000	13231561
bp 27	1	26400001	26500000	26406687
bp 28	1	27900001	28000000	27980763
bp 29	1	7900001	8000000	7917679
bp 30	1	1500001	1600000	1577677
bp 31	1	30100001	30200000	30110894
bp 32	1	29300001	29400000	29361936
bp 33	1	8900001	9000000	8915704
bp 34	1	900001	1000000	927598
bp 35	1	4500001	4600000	4522380
bp 36	1	29200001	29300000	29268553
bp 37	1	12600001	12700000	12683755
bp 38	1	22600001	22700000	22673338
bp 39	1	5100001	5200000	5174990
bp 40	1	9800001	9900000	9884392
bp 41	1	19600001	19700000	19687072
bp 42	1	26300001	26400000	26302854
bp 43	1	29200001	29300000	29209247
bp 44	1	24800001	24900000	24873531
bp 45	1	10600001	10700000	10651927
bp 46	1	10100001	10200000	10149665
bp 47	1	28300001	28400000	28383339
bp 48	1	4200001	4300000	4253225
bp 49	1	22100001	22200000	22149064
bp 50	1	9800001	9900000	9807267
bp 51	1	25100001	25200000	25120380
bp 52	1	500001	600000	582747
bp 53	1	25600001	25700000	25670889
bp 54	1	19900001	20000000	19937710
bp 55	1	16400001	16500000	16460440
bp 56	1	17200001	17300000	17217194
bp 57	1	12900001	13000000	12954405
bp 58	1	10600001	10700000	10673972
bp 59	1	27100001	27200000	27120014
bp 60	1	18400001	18500000	18406928
bp 61	1	17300001	17400000	17315061
bp 62	1	6200001	6300000	6251112
bp 63	1	24800001	24900000	24800896
bp 64	1	12400001	12500000	12430145
bp 65	1	9400001	9500000	9401510
bp 66	1	1200001	1300000	1237754
bp 67	1	26200001	26300000	26229582
bp 68	1	1800001	1900000	1842374
bp 69	1	19600001	19700000	19692936
bp 70	1	11200001	11300000	11279051
bp 71	1	11400001	11500000	11402184
bp 72	1	4000001	4100000	4017237
bp 73	1	1200001	1300000	1232643
bp 74	1	7700001	7800000	7736590
bp 75	1	6600001	6700000	6655063
bp 76	1	1200001	1300000	1257300
bp 77	1	10200001	10300000	10216462
bp 78	1	3400001	3500000	3401226
bp 79	1	10900001	11000000	10945451
bp 80	1	13300001	13400000	13300020
bp 81	1	3200001	3300000	3268781
bp 82	1	15500001	15600000	15501552
bp 83	1	12400001	12500000	12474626
bp 84	1	7300001	7400000	7331535
bp 85	1	29200001	29300000	29240360
bp 86	1	1200001	1300000	1237288
bp 87	1	10800001	10900000	10823182
bp 88	1	600001	700000	631834
bp 89	1	10300001	10400000	10362084
bp 90	1	10100001	10200000	10141184
bp 91	1	19900001	20000000	19928292
bp 92	1	3700001	3800000	3719973
bp 93	1	9100001	9200000	9155950
bp 94	1	28900001	29000000	28911166
bp 95	1	17400001	17500000	17468920
bp 96	1	400001	500000	481063
bp 97	1	24600001	24700000	24665310
bp 98	1	10100001	10200000	10185118
bp 99	1	23500001	23600000	23542891
bp 100	1	4100001	4200000	4123848
bp 101	1	28900001	29000000	28959942
bp 102	1	24400001	24500000	24474848
bp 103	1	6100001	6200000	6132010
bp 104	1	17200001	17300000	17271650
bp 105	1	19000001	19100000	19091455
bp 106	1	23000001	23100000	23043943
bp 107	1	25300001	25400000	25360373
bp 108	1	2900001	3000000	2997203
bp 109	1	23500001	23600000	23517817
bp 110	1	18300001	18400000	18317722
bp 111	1	13000001	13100000	13019553
bp 112	1	21400001	21500000	21457140
bp 113	1	25200001	25300000	25214102
bp 114	1	5400001	5500000	5441149
bp 115	1	8200001	8300000	8275262
bp 116	1	3900001	4000000	3972945
bp 117	1	4900001	5000000	4942482
bp 118	1	11100001	11200000	11134677
bp 119	1	11400001	11500000	11470824
bp 120	1	16800001	16900000	16801288
bp 121	1	16600001	16700000	16651863
bp 122	1	3700001	3800000	3798376
bp 123	1	24600001	24700000	24641849
bp 124	1	9100001	9200000	9128557
bp 125	1	2800001	2900000	2836650
bp 126	1	21600001	21700000	21662753
bp 127	1	10600001	10700000	10677765
bp 128	1	10900001	11000000	10957416
bp 129	1	2900001	3000000	2978501
bp 130	1	17300001	17400000	17381561
bp 131	1	16400001	16500000	16496263
bp 132	1	11900001	12000000	11905316
bp 133	1	8300001	8400000	8335000
bp 134	1	20800001	20900000	20829586
bp 135	1	12000001	12100000	12062670
bp 136	1	10600001	10700000	10684453
bp 137	1	5200001	5300000	5292456
bp 138	1	3500001	3600000	3543119
bp 139	1	11000001	11100000	11011110
bp 140	1	9900001	10000000	9910321
bp 141	1	29400001	29500000	29450656
bp 142	1	17300001	17400000	17320313
bp 143	1	7700001	7800000	7725668
bp 144	1	6900001	7000000	6952990
bp 145	1	12400001	12500000	12408995
bp 146	1	19700001	19800000	19774282
bp 147	1	4500001	4600000	4505407
bp 148	1	12300001	12400000	12376704
bp 149	1	20700001	20800000	20752293
bp 150	1	18700001	18800000	18762581
bp 151	1	4500001	4600000	4569867
bp 152	1	22600001	22700000	22662198
bp 153	1	3900001	4000000	3946212
bp 154	1	2200001	2300000	2212977
bp 155	1	27100001	27200000	27109694
bp 156	1	16100001	16200000	16121433
bp 157	1	11200001	11300000	11229073
bp 158	1	27600001	27700000	27621472
bp 159	1	29100001	29200000	29135825
bp 160	1	23900001	24000000	23975261
bp 161	1	22900001	23000000	22909011
bp 162	1	5600001	5700000	5699132
bp 163	1	9100001	9200000	9161843
bp 164	1	28900001	29000000	28987526
bp 165	1	11300001	11400000	11398476
bp 166	1	23600001	23700000	23661801
bp 167	1	11100001	11200000	11113490
bp 168	1	19800001	19900000	19847015
bp 169	1	29300001	29400000	29378369
bp 170	1	16700001	16800000	16733375
bp 171	1	28800001	28900000	28815992
bp 172	1	13200001	13300000	13264762
bp 173	1	1500001	1600000	1512903
bp 174	1	19400001	19500000	19499805
bp 175	1	7500001	7600000	7577046
bp 176	1	8200001	8300000	8226250
bp 177	1	16100001	16200000	16140958
bp 178	1	16100001	16200000	16133176
bp 179	1	17300001	17400000	17317567
bp 180	1	12700001	12800000	12749640
bp 181	1	26200001	26300000	26287159
bp 182	1	9600001	9700000	9617088
bp 183	1	16100001	16200000	16168142
bp 184	1	8500001	8600000	8576702
bp 185	1	16700001	16800000	16756798
bp 186	1	1100001	1200000	1150924
bp 187	1	24600001	24700000	24664882
bp 188	1	11000001	11100000	11017853
bp 189	1	23400001	23500000	23418270
bp 190	1	22000001	22100000	22059215
bp 191	1	2500001	2600000	2509073
bp 192	1	23200001	23300000	23214075
bp 193	1	2300001	2400000	2343548
bp 194	1	10100001	10200000	10185535
bp 195	1	11200001	11300000	11284304
bp 196	1	17400001	17500000	17409860
bp 197	1	24800001	24900000	24862965
bp 198	1	5500001	5600000	5504814
bp 199	1	20700001	20800000	20723754
bp 200	1	12900001	13000000	12910320
bp 201	1	7000001	7100000	7091590
bp 202	1	7700001	7800000	7753339
bp 203	1	25700001	25800000	25709631
bp 204	1	20100001	20200000	20166959
bp 205	1	12200001	12300000	12221552
bp 206	1	8000001	8100000	8055920
bp 207	1	9100001	9200000	9127988
bp 208	1	1200001	1300000	1213359
bp 209	1	26900001	27000000	26933596
bp 210	1	26000001	26100000	26065352
bp 211	1	29500001	29600000	29534066
bp 212	1	10600001	10700000	10622065
bp 213	1	4500001	4600000	4534863
bp 214	1	24400001	24500000	24477192
bp 215	1	24600001	24700000	24624745
bp 216	1	22000001	22100000	22039166
bp 217	1	17200001	17300000	17265105
bp 218	1	24900001	25000000	24905509
bp 219	1	13400001	13500000	13496399
bp 220	1	17100001	17200000	17118987
bp 221	1	20400001	20500000	20431343
bp 222	1	7800001	7900000	7881279
bp 223	1	13000001	13100000	13061252
bp 224	1	500001	600000	547216
bp 225	1	16100001	16200000	16193529
bp 226	1	10300001	10400000	10329098
bp 227	1	4200001	4300000	4204130
bp 228	1	29200001	29300000	29273679
bp 229	1	26700001	26800000	26794391
bp 230	1	24500001	24600000	24513959
bp 231	1	20700001	20800000	20738380
bp 232	1	11000001	11100000	11051821
bp 233	1	7800001	7900000	7878332
bp 234	1	10000001	10100000	10010923
bp 235	1	13300001	13400000	13362499
bp 236	1	9700001	9800000	9725384
bp 237	1	10800001	10900000	10837519
bp 238	1	28200001	28300000	28269522
bp 239	1	20100001	20200000	20117650
bp 240	1	23300001	23400000	23309968
bp 241	1	20300001	20400000	20345655
bp 242	1	10400001	10500000	10455123
bp 243	1	13000001	13100000	13022930
bp 244	1	24300001	24400000	24321480
bp 245	1	23900001	24000000	23996023
bp 246	1	17800001	17900000	17852807
bp 247	1	26300001	26400000	26321266
bp 248	1	10900001	11000000	10970590
bp 249	1	28900001	29000000	28978307
bp 250	1	16400001	16500000	16407031
bp 251	1	8100001	8200000	8144125
bp 252	1	11900001	12000000	11950997
bp 253	1	6800001	6900000	6871780
bp 254	1	4100001	4200000	4113116
bp 255	1	29800001	29900000	29853606
bp 256	1	26000001	26100000	26016959
bp 257	1	24300001	24400000	24394852
bp 258	1	9200001	9300000	9298101
bp 259	1	10300001	10400000	10333586
bp 260	1	4500001	4600000	4551453
bp 261	1	12900001	13000000	12987722
bp 262	1	7600001	7700000	7680363
bp 263	1	19900001	20000000	19925238
bp 264	1	8000001	8100000	8024936
bp 265	1	25300001	25400000	25365168
bp 266	1	26500001	26600000	26577053
bp 267	1	11800001	11900000	11897084
bp 268	1	11200001	11300000	11223638
bp 269	1	13200001	13300000	13264919
bp 270	1	12500001	12600000	12574643
bp 271	1	6800001	6900000	6876187
bp 272	1	25600001	25700000	25650489
bp 273	1	12700001	12800000	12780034
bp 274	1	26600001	26700000	26605171
bp 275	1	26800001	26900000	26884520
bp 276	1	12500001	12600000	12559579
bp 277	1	23100001	23200000	23193586
bp 278	1	16100001	16200000	16197581
bp 279	1	28000001	28100000	28023597
bp 280	1	25600001	25700000	25638720
bp 281	1	6500001	6600000	6570834
bp 282	1	16700001	16800000	16730759
bp 283	1	25700001	25800000	25760173
bp 284	1	5500001	5600000	5569483
bp 285	1	2700001	2800000	2707500
bp 286	1	15600001	15700000	15676320
bp 287	1	22700001	22800000	22735726
bp 288	1	28500001	28600000	28571076
bp 289	1	4900001	5000000	4991748
bp 290	1	16400001	16500000	16445729
bp 291	1	17200001	17300000	17265572
bp 292	1	2800001	2900000	2881212
bp 293	1	12300001	12400000	12361600
bp 294	1	11000001	11100000	11094333
bp 295	1	100001	200000	117660
bp 296	1	24800001	24900000	24806663
bp 297	1	23400001	23500000	23481527
bp 298	1	18900001	19000000	18989113
bp 299	1	1200001	1300000	1208168
bp 300	1	17800001	17900000	17899495
bp 1	4	15800001	15900000	15866839
bp 2	4	5400001	5500000	5445468
bp 3	4	5100001	5200000	5174033
bp 4	4	15400001	15500000	15474795
bp 5	4	6900001	7000000	6984159
bp 6	4	13600001	13700000	13648589
bp 7	4	7200001	7300000	7205813
bp 8	4	8000001	8100000	8002460
bp 9	4	5400001	5500000	5417348
bp 10	4	14600001	14700000	14684402
bp 11	4	7600001	7700000	7684267
bp 12	4	17300001	17400000	17329032
bp 13	4	9900001	10000000	9940383
bp 14	4	700001	800000	771198
bp 15	4	12800001	12900000	12872358
bp 16	4	8400001	8500000	8438105
bp 17	4	7300001	7400000	7363160
bp 18	4	5600001	5700000	5626474
bp 19	4	5300001	5400000	5376170
bp 20	4	4800001	4900000	4895609
bp 21	4	700001	800000	756222
bp 22	4	5300001	5400000	5393814
bp 23	4	6100001	6200000	6117118
bp 24	4	200001	300000	214667
bp 25	4	900001	1000000	963623
bp 26	4	5100001	5200000	5131561
bp 27	4	14900001	15000000	14906687
bp 28	4	1300001	1400000	1380763
bp 29	4	7200001	7300000	7217679
bp 30	4	9900001	10000000	9977677
bp 31	4	7300001	7400000	7310894
bp 32	4	10000001	10100000	10061936
bp 33	4	8300001	8400000	8315704
bp 34	4	6100001	6200000	6127598
bp 35	4	9900001	10000000	9922380
bp 36	4	100001	200000	168553
bp 37	4	5700001	5800000	5783755
bp 38	4	10700001	10800000	10773338
bp 39	4	6900001	7000000	6974990
bp 40	4	14600001	14700000	14684392
bp 41	4	6500001	6600000	6587072
bp 42	4	11900001	12000000	11902854
bp 43	4	17400001	17500000	17409247
bp 44	4	5300001	5400000	5373531
bp 45	4	17900001	18000000	17951927
bp 46	4	8800001	8900000	8849665
bp 47	4	9300001	9400000	9383339
bp 48	4	17100001	17200000	17153225
bp 49	4	10900001	11000000	10949064
bp 50	4	7700001	7800000	7707267
bp 51	4	8700001	8800000	8720380
bp 52	4	7200001	7300000	7282747
bp 53	4	6400001	6500000	6470889
bp 54	4	500001	600000	537710
bp 55	4	9700001	9800000	9760440
bp 56	4	17100001	17200000	17117194
bp 57	4	7900001	8000000	7954405
bp 58	4	12400001	12500000	12473972
bp 59	4	900001	1000000	920014
bp 60	4	13600001	13700000	13606928
bp 61	4	5300001	5400000	5315061
bp 62	4	17400001	17500000	17451112
bp 63	4	17400001	17500000	17400896
bp 64	4	8500001	8600000	8530145
bp 65	4	15900001	16000000	15901510
bp 66	4	7700001	7800000	7737754
bp 67	4	6300001	6400000	6329582
bp 68	4	16100001	16200000	16142374
bp 69	4	14200001	14300000	14292936
bp 70	4	500001	600000	579051
bp 71	4	7200001	7300000	7202184
bp 72	4	1500001	1600000	1517237
bp 73	4	5200001	5300000	5232643
bp 74	4	6600001	6700000	6636590
bp 75	4	6000001	6100000	6055063
bp 76	4	5400001	5500000	5457300
bp 77	4	17100001	17200000	17116462
bp 78	4	1500001	1600000	1501226
bp 79	4	13600001	13700000	13645451
bp 80	4	5200001	5300000	5200020
bp 81	4	8800001	8900000	8868781
bp 82	4	10300001	10400000	10301552
bp 83	4	7200001	7300000	7274626
bp 84	4	100001	200000	131535
bp 85	4	200001	300000	240360
bp 86	4	7200001	7300000	7237288
bp 87	4	16600001	16700000	16623182
bp 88	4	5100001	5200000	5131834
bp 89	4	900001	1000000	962084
bp 90	4	7300001	7400000	7341184
bp 91	4	1000001	1100000	1028292
bp 92	4	14400001	14500000	14419973
bp 93	4	7500001	7600000	7555950
bp 94	4	10600001	10700000	10611166
bp 95	4	8000001	8100000	8068920
bp 96	4	7700001	7800000	7781063
bp 97	4	6800001	6900000	6865310
bp 98	4	9200001	9300000	9285118
bp 99	4	5300001	5400000	5342891
bp 100	4	15100001	15200000	15123848
bp 101	4	7700001	7800000	7759942
bp 102	4	6200001	6300000	6274848
bp 103	4	10600001	10700000	10632010
bp 104	4	5600001	5700000	5671650
bp 105	4	8400001	8500000	8491455
bp 106	4	15500001	15600000	15543943
bp 107	4	14700001	14800000	14760373
bp 108	4	8000001	8100000	8097203
bp 109	4	5300001	5400000	5317817
bp 110	4	6300001	6400000	6317722
bp 111	4	400001	500000	419553
bp 112	4	7200001	7300000	7257140
bp 113	4	9300001	9400000	9314102
bp 114	4	16200001	16300000	16241149
bp 115	4	4800001	4900000	4875262
bp 116	4	17300001	17400000	17372945
bp 117	4	8600001	8700000	8642482
bp 118	4	16300001	16400000	16334677
bp 119	4	7000001	7100000	7070824
bp 120	4	9700001	9800000	9701288
bp 121	4	7400001	7500000	7451863
bp 122	4	7200001	7300000	7298376
bp 123	4	11300001	11400000	11341849
bp 124	4	6500001	6600000	6528557
bp 125	4	17400001	17500000	17436650
bp 126	4	7600001	7700000	7662753
bp 127	4	6500001	6600000	6577765
bp 128	4	15400001	15500000	15457416
bp 129	4	7700001	7800000	7778501
bp 130	4	9300001	9400000	9381561
bp 131	4	18100001	18200000	18196263
bp 132	4	1400001	1500000	1405316
bp 133	4	6300001	6400000	6335000
bp 134	4	6200001	6300000	6229586
bp 135	4	12600001	12700000	12662670
bp 136	4	5700001	5800000	5784453
bp 137	4	18100001	18200000	18192456
bp 138	4	5700001	5800000	5743119
bp 139	4	5600001	5700000	5611110
bp 140	4	6900001	7000000	6910321
bp 141	4	1	100000	50656
bp 142	4	9300001	9400000	9320313
bp 143	4	9300001	9400000	9325668
bp 144	4	17400001	17500000	17452990
bp 145	4	800001	900000	808995
bp 146	4	12400001	12500000	12474282
bp 147	4	9900001	10000000	9905407
bp 148	4	7300001	7400000	7376704
bp 149	4	12400001	12500000	12452293
bp 150	4	800001	900000	862581
bp 151	4	8300001	8400000	8369867
bp 152	4	6300001	6400000	6362198
bp 153	4	12400001	12500000	12446212
bp 154	4	18100001	18200000	18112977
bp 155	4	17600001	17700000	17609694
bp 156	4	10100001	10200000	10121433
bp 157	4	5600001	5700000	5629073
bp 158	4	17400001	17500000	17421472
bp 159	4	10100001	10200000	10135825
bp 160	4	11900001	12000000	11975261
bp 161	4	1300001	1400000	1309011
bp 162	4	10600001	10700000	10699132
bp 163	4	5300001	5400000	5361843
bp 164	4	6200001	6300000	6287526
bp 165	4	7700001	7800000	7798476
bp 166	4	700001	800000	761801
bp 167	4	11100001	11200000	11113490
bp 168	4	6000001	6100000	6047015
bp 169	4	11900001	12000000	11978369
bp 170	4	16500001	16600000	16533375
bp 171	4	7700001	7800000	7715992
bp 172	4	5200001	5300000	5264762
bp 173	4	11600001	11700000	11612903
bp 174	4	5300001	5400000	5399805
bp 175	4	9300001	9400000	9377046
bp 176	4	17000001	17100000	17026250
bp 177	4	400001	500000	440958
bp 178	4	900001	1000000	933176
bp 179	4	300001	400000	317567
bp 180	4	16700001	16800000	16749640
bp 181	4	11700001	11800000	11787159
bp 182	4	6200001	6300000	6217088
bp 183	4	5600001	5700000	5668142
bp 184	4	5300001	5400000	5376702
bp 185	4	12500001	12600000	12556798
bp 186	4	5600001	5700000	5650924
bp 187	4	10000001	10100000	10064882
bp 188	4	7300001	7400000	7317853
bp 189	4	7300001	7400000	7318270
bp 190	4	7600001	7700000	7659215
bp 191	4	5400001	5500000	5409073
bp 192	4	9200001	9300000	9214075
bp 193	4	8400001	8500000	8443548
bp 194	4	10100001	10200000	10185535
bp 195	4	12500001	12600000	12584304
bp 196	4	800001	900000	809860
bp 197	4	5800001	5900000	5862965
bp 198	4	7700001	7800000	7704814
bp 199	4	17400001	17500000	17423754
bp 200	4	4800001	4900000	4810320
bp 201	4	16400001	16500000	16491590
bp 202	4	6200001	6300000	6253339
bp 203	4	13100001	13200000	13109631
bp 204	4	10100001	10200000	10166959
bp 205	4	5400001	5500000	5421552
bp 206	4	15800001	15900000	15855920
bp 207	4	7700001	7800000	7727988
bp 208	4	15400001	15500000	15413359
bp 209	4	11800001	11900000	11833596
bp 210	4	6900001	7000000	6965352
bp 211	4	13100001	13200000	13134066
bp 212	4	13200001	13300000	13222065
bp 213	4	13600001	13700000	13634863
bp 214	4	5600001	5700000	5677192
bp 215	4	14700001	14800000	14724745
bp 216	4	18300001	18400000	18339166
bp 217	4	11900001	12000000	11965105
bp 218	4	18000001	18100000	18005509
bp 219	4	800001	900000	896399
bp 220	4	900001	1000000	918987
bp 221	4	7800001	7900000	7831343
bp 222	4	11000001	11100000	11081279
bp 223	4	1	100000	61252
bp 224	4	9700001	9800000	9747216
bp 225	4	13500001	13600000	13593529
bp 226	4	14700001	14800000	14729098
bp 227	4	6100001	6200000	6104130
bp 228	4	5400001	5500000	5473679
bp 229	4	7600001	7700000	7694391
bp 230	4	7200001	7300000	7213959
bp 231	4	9300001	9400000	9338380
bp 232	4	9100001	9200000	9151821
bp 233	4	8800001	8900000	8878332
bp 234	4	7300001	7400000	7310923
bp 235	4	17600001	17700000	17662499
bp 236	4	10300001	10400000	10325384
bp 237	4	1000001	1100000	1037519
bp 238	4	5300001	5400000	5369522
bp 239	4	10400001	10500000	10417650
bp 240	4	5400001	5500000	5409968
bp 241	4	10400001	10500000	10445655
bp 242	4	9600001	9700000	9655123
bp 243	4	5600001	5700000	5622930
bp 244	4	11500001	11600000	11521480
bp 245	4	17900001	18000000	17996023
bp 246	4	7300001	7400000	7352807
bp 247	4	6400001	6500000	6421266
bp 248	4	7600001	7700000	7670590
bp 249	4	6400001	6500000	6478307
bp 250	4	5100001	5200000	5107031
bp 251	4	400001	500000	444125
bp 252	4	8800001	8900000	8850997
bp 253	4	18000001	18100000	18071780
bp 254	4	17600001	17700000	17613116
bp 255	4	5300001	5400000	5353606
bp 256	4	16500001	16600000	16516959
bp 257	4	500001	600000	594852
bp 258	4	11200001	11300000	11298101
bp 259	4	700001	800000	733586
bp 260	4	7800001	7900000	7851453
bp 261	4	6200001	6300000	6287722
bp 262	4	5300001	5400000	5380363
bp 263	4	17700001	17800000	17725238
bp 264	4	7200001	7300000	7224936
bp 265	4	100001	200000	165168
bp 266	4	7200001	7300000	7277053
bp 267	4	5500001	5600000	5597084
bp 268	4	17100001	17200000	17123638
bp 269	4	9600001	9700000	9664919
bp 270	4	16700001	16800000	16774643
bp 271	4	15800001	15900000	15876187
bp 272	4	6200001	6300000	6250489
bp 273	4	5200001	5300000	5280034
bp 274	4	16800001	16900000	16805171
bp 275	4	100001	200000	184520
bp 276	4	14700001	14800000	14759579
bp 277	4	6200001	6300000	6293586
bp 278	4	16500001	16600000	16597581
bp 279	4	6700001	6800000	6723597
bp 280	4	7200001	7300000	7238720
bp 281	4	8000001	8100000	8070834
bp 282	4	600001	700000	630759
bp 283	4	10300001	10400000	10360173
bp 284	4	200001	300000	269483
bp 285	4	7300001	7400000	7307500
bp 286	4	10900001	11000000	10976320
bp 287	4	7600001	7700000	7635726
bp 288	4	14600001	14700000	14671076
bp 289	4	10500001	10600000	10591748
bp 290	4	7300001	7400000	7345729
bp 291	4	11300001	11400000	11365572
bp 292	4	10500001	10600000	10581212
bp 293	4	900001	1000000	961600
bp 294	4	17500001	17600000	17594333
bp 295	4	7200001	7300000	7217660
bp 296	4	7800001	7900000	7806663
bp 297	4	1	100000	81527
bp 298	4	8300001	8400000	8389113
bp 299	4	6800001	6900000	6808168
bp 300	4	7700001	7800000	7799495
